33 #SUP: 1719
14 33 #SUP: 1461
3 14 33 #SUP: 1459
3 33 #SUP: 1713
5 33 #SUP: 1719
5 14 33 #SUP: 1461
3 5 14 33 #SUP: 1459
3 5 33 #SUP: 1713
24 #SUP: 1765
14 24 #SUP: 1547
3 14 24 #SUP: 1546
3 24 #SUP: 1762
4 24 #SUP: 1765
4 14 24 #SUP: 1547
3 4 14 24 #SUP: 1546
3 4 24 #SUP: 1762
1065 #SUP: 2413
3 1065 #SUP: 2412
1063 1065 #SUP: 2413
3 1063 1065 #SUP: 2412
741 1063 1065 #SUP: 2413
3 741 1063 1065 #SUP: 2412
741 1065 #SUP: 2413
3 741 1065 #SUP: 2412
14 1065 #SUP: 2413
3 14 1065 #SUP: 2412
14 1063 1065 #SUP: 2413
3 14 1063 1065 #SUP: 2412
14 741 1063 1065 #SUP: 2413
3 14 741 1063 1065 #SUP: 2412
14 741 1065 #SUP: 2413
3 14 741 1065 #SUP: 2412
5 #SUP: 2854
5 14 #SUP: 1530
3 5 14 #SUP: 1528
5 1063 #SUP: 2239
3 5 1063 #SUP: 2237
5 741 1063 #SUP: 2239
3 5 741 1063 #SUP: 2237
5 741 #SUP: 2294
3 5 741 #SUP: 2292
3 5 #SUP: 2848
4 #SUP: 2900
4 14 #SUP: 1616
3 4 14 #SUP: 1615
4 1063 #SUP: 2266
3 4 1063 #SUP: 2263
4 741 1063 #SUP: 2266
3 4 741 1063 #SUP: 2263
4 741 #SUP: 2336
3 4 741 #SUP: 2333
3 4 #SUP: 2897
14 #SUP: 3077
14 1063 #SUP: 2501
3 14 1063 #SUP: 2498
14 741 1063 #SUP: 2501
3 14 741 1063 #SUP: 2498
14 741 #SUP: 2509
3 14 741 #SUP: 2506
3 14 #SUP: 3074
1063 #SUP: 3535
3 1063 #SUP: 3530
741 1063 #SUP: 3535
3 741 1063 #SUP: 3530
741 #SUP: 3630
3 741 #SUP: 3625
3 #SUP: 4610
